$ANSIBLE_VAULT;1.1;AES256
33313233383636313633333135353265623639393761313737643330646431396436666336663430
3132656531316335333963633161653863613636383431660a653334623066616536366465346633
64623130363833613263366462323838366163393836353562306264333362656263323936303363
6133383664393132330a643337336166393033366365393439666561396664613935353761386664
66343336366432336632396662333063366439656337626434316464666336333430376366663138
38366263616132653030343334383039646134316637626434656231336166303231383731653533
63633232336464326162303662336337306266626433383066376638383263653939363533386538
31326161396561346631376563303464323266613434383562623030393963336534323639326632
31363639613064653238346631356638386665326435656433333432383265613334313230323131
64663036356265386263353430636263326462336463346165323261303966646532613961356162
64383633306566343466636336626231646337313137316537376133636334616263303831336537
33353438383130346361363066613530613836303334346333646638643932656637663535633566
31316165633365663361313531643433363066313365626138386262383066343365333362636161
62663364616563643765373134306330663663373436646261613731343662366239616532623238
32663738643733313335663937396532333534663033646235373337336333313330333366643437
61653330633835343332376534376130353834333130643565643739343433303962393937666131
66663830626663363139336464646535666234303763616163376261663633356165646238306238
39346235653866633132613239626134636536346137353932343533373939303430303936626330
31633538666661643137643539613363343536313034663163663039366331323436636664663131
63323264393965323737363562386362636261316237623833326537393261306630663765383335
33663065333838666165393539363436643637356537323734396661366662303637636635643435
3537623362343563343262643965386633626635343562323836
